lambda n k
3.000E-07 1.462506 0.950559
3.050E-07 1.455528 0.988319
3.100E-07 1.453246 1.031065
3.150E-07 1.453242 1.07834
3.200E-07 1.45716 1.130054
3.250E-07 1.466037 1.186321
3.300E-07 1.481386 1.246986
3.350E-07 1.505 1.311476
3.400E-07 1.538863 1.378602
3.450E-07 1.58495 1.446359
3.500E-07 1.644824 1.511736
3.550E-07 1.719141 1.570729
3.600E-07 1.807058 1.618684
3.650E-07 1.905776 1.650985
3.700E-07 2.010535 1.664602
3.750E-07 2.115114 1.656616
3.800E-07 2.213121 1.630941
3.850E-07 2.299408 1.589216
3.900E-07 2.371014 1.536968
3.950E-07 2.42732 1.479394
4.000E-07 2.469529 1.421011
4.050E-07 2.499491 1.365408
4.100E-07 2.519723 1.314722
4.150E-07 2.533154 1.269779
4.200E-07 2.542036 1.230727
4.250E-07 2.548038 1.197542
4.300E-07 2.552931 1.169596
4.350E-07 2.557466 1.146057
4.400E-07 2.562718 1.126324
4.450E-07 2.569076 1.109546
4.500E-07 2.577015 1.09507
4.550E-07 2.586687 1.082172
4.600E-07 2.598195 1.070224
4.650E-07 2.611641 1.058793
4.700E-07 2.626756 1.047148
4.750E-07 2.64364 1.035098
4.800E-07 2.661826 1.021992
4.850E-07 2.681321 1.007693
4.900E-07 2.701594 0.991777
4.950E-07 2.722541 0.974106
5.000E-07 2.743611 0.954504
5.050E-07 2.764652 0.93285
5.100E-07 2.785069 0.90922
5.150E-07 2.8048 0.883496
5.200E-07 2.823139 0.856031
5.250E-07 2.840281 0.826664
5.300E-07 2.855324 0.795998
5.350E-07 2.868871 0.763854
5.400E-07 2.879816 0.730906
5.450E-07 2.889106 0.697146
5.500E-07 2.895884 0.662966
5.550E-07 2.899469 0.628825
5.600E-07 2.901971 0.594622
5.650E-07 2.902492 0.561047
5.700E-07 2.900296 0.527962
5.750E-07 2.896462 0.495673
5.800E-07 2.891598 0.464562
5.850E-07 2.884266 0.434361
5.900E-07 2.875694 0.405466
5.950E-07 2.866255 0.377939
6.000E-07 2.855413 0.351582
6.050E-07 2.843893 0.326708
6.100E-07 2.831721 0.303208
6.150E-07 2.818785 0.280933
6.200E-07 2.805529 0.26009
6.250E-07 2.791992 0.240555
6.300E-07 2.778102 0.222148
6.350E-07 2.764137 0.205
6.400E-07 2.750202 0.189061
6.450E-07 2.736183 0.174089
6.500E-07 2.722247 0.160157
6.550E-07 2.708533 0.147297
6.600E-07 2.694931 0.135265
6.650E-07 2.681507 0.124053
6.700E-07 2.668369 0.113713
6.750E-07 2.655512 0.104144
6.800E-07 2.642881 0.0952
6.850E-07 2.63054 0.086915
6.900E-07 2.618552 0.079317
6.950E-07 2.606856 0.072257
7.000E-07 2.595441 0.06568
7.050E-07 2.584346 0.059612
7.100E-07 2.573602 0.054069
7.150E-07 2.563153 0.04892
7.200E-07 2.552989 0.04413
7.250E-07 2.543129 0.039722
7.300E-07 2.533595 0.035716
7.350E-07 2.524349 0.032019
7.400E-07 2.515365 0.028579
7.450E-07 2.506654 0.025416
7.500E-07 2.498227 0.02255
7.550E-07 2.490077 0.019962
7.600E-07 2.482162 0.017552
7.650E-07 2.474482 0.015332
7.700E-07 2.467042 0.013323
7.750E-07 2.459848 0.011546
7.800E-07 2.452877 0.009941
7.850E-07 2.446105 0.008451
7.900E-07 2.439533 0.007098
7.950E-07 2.433164 0.005904
8.000E-07 2.426997 0.004893
8.050E-07 2.421016 0.004
8.100E-07 2.415201 0.003168
8.150E-07 2.409551 0.002425
8.200E-07 2.404067 0.001802
8.250E-07 2.398748 0.001329
8.300E-07 2.393587 0.000995
8.350E-07 2.388563 0.000689
8.400E-07 2.383675 0.000419
8.450E-07 2.378921 0.000203
8.500E-07 2.374299 5.84e-05
8.550E-07 2.369809 3.1e-06
8.600E-07 2.365439 2.12e-06
8.650E-07 2.361178 1.37e-06
8.700E-07 2.357026 7.87e-07
8.750E-07 2.352979 3.65e-07
8.800E-07 2.349038 1.03e-07
8.850E-07 2.345201 1.61e-09
8.900E-07 2.34146 0.0
8.950E-07 2.337807 0.0
9.000E-07 2.33424 0.0
9.050E-07 2.330757 0.0
9.100E-07 2.327357 0.0
9.150E-07 2.32404 0.0
9.200E-07 2.320802 0.0
9.250E-07 2.317636 0.0
9.300E-07 2.314538 0.0
9.350E-07 2.311507 0.0
9.400E-07 2.308542 0.0
9.450E-07 2.305642 0.0
9.500E-07 2.302807 0.0
9.550E-07 2.300033 0.0
9.600E-07 2.297317 0.0
9.650E-07 2.294654 0.0
9.700E-07 2.292043 0.0
9.750E-07 2.289485 0.0
9.800E-07 2.286978 0.0
9.850E-07 2.284521 0.0
9.900E-07 2.282114 0.0
9.950E-07 2.279755 0.0
1.000E-06 2.277438 0.0
1.005E-06 2.275164 0.0
1.010E-06 2.27293 0.0
1.015E-06 2.270737 0.0
1.020E-06 2.268585 0.0
1.025E-06 2.266471 0.0
1.030E-06 2.264397 0.0
1.035E-06 2.262361 0.0
1.040E-06 2.26036 0.0
1.045E-06 2.258391 0.0
1.050E-06 2.256455 0.0
1.055E-06 2.25455 0.0
1.060E-06 2.252678 0.0
1.065E-06 2.250837 0.0
1.070E-06 2.249027 0.0
1.075E-06 2.247247 0.0
1.080E-06 2.245498 0.0
1.085E-06 2.243775 0.0
1.090E-06 2.242078 0.0
1.095E-06 2.240407 0.0
1.100E-06 2.238761 0.0
1.105E-06 2.23714 0.0
1.110E-06 2.235543 0.0
1.115E-06 2.233972 0.0
1.120E-06 2.232424 0.0
1.125E-06 2.230901 0.0
1.130E-06 2.229402 0.0
1.135E-06 2.227923 0.0
1.140E-06 2.226464 0.0
1.145E-06 2.225026 0.0
1.150E-06 2.223607 0.0
1.155E-06 2.222208 0.0
1.160E-06 2.220828 0.0
1.165E-06 2.219469 0.0
1.170E-06 2.218128 0.0
1.175E-06 2.216807 0.0
1.180E-06 2.215505 0.0
1.185E-06 2.214221 0.0
1.190E-06 2.212953 0.0
1.195E-06 2.2117 0.0
1.200E-06 2.210464 0.0
1.205E-06 2.209243 0.0
1.210E-06 2.208038 0.0
1.215E-06 2.206848 0.0
1.220E-06 2.205674 0.0
1.225E-06 2.204515 0.0
1.230E-06 2.203371 0.0
1.235E-06 2.202243 0.0
1.240E-06 2.20113 0.0
1.245E-06 2.200031 0.0
1.250E-06 2.198944 0.0
1.255E-06 2.19787 0.0
1.260E-06 2.196808 0.0
1.265E-06 2.195758 0.0
1.270E-06 2.194721 0.0
1.275E-06 2.193696 0.0
1.280E-06 2.192683 0.0
1.285E-06 2.191683 0.0
1.290E-06 2.190694 0.0
1.295E-06 2.189718 0.0
1.300E-06 2.188754 0.0
1.305E-06 2.187802 0.0
1.310E-06 2.186861 0.0
1.315E-06 2.185929 0.0
1.320E-06 2.185008 0.0
1.325E-06 2.184096 0.0
1.330E-06 2.183194 0.0
1.335E-06 2.182301 0.0
1.340E-06 2.181418 0.0
1.345E-06 2.180545 0.0
1.350E-06 2.179682 0.0
1.355E-06 2.178828 0.0
1.360E-06 2.177983 0.0
1.365E-06 2.177149 0.0
1.370E-06 2.176324 0.0
1.375E-06 2.175508 0.0
1.380E-06 2.174702 0.0
1.385E-06 2.173903 0.0
1.390E-06 2.173113 0.0
1.395E-06 2.17233 0.0
1.400E-06 2.171554 0.0
1.405E-06 2.170786 0.0
1.410E-06 2.170026 0.0
1.415E-06 2.169273 0.0
1.420E-06 2.168528 0.0
1.425E-06 2.167791 0.0
1.430E-06 2.167061 0.0
1.435E-06 2.166338 0.0
1.440E-06 2.165623 0.0
1.445E-06 2.164916 0.0
1.450E-06 2.164216 0.0
1.455E-06 2.163523 0.0
1.460E-06 2.162838 0.0
1.465E-06 2.16216 0.0
1.470E-06 2.161487 0.0
1.475E-06 2.160821 0.0
1.480E-06 2.16016 0.0
1.485E-06 2.159505 0.0
1.490E-06 2.158856 0.0
1.495E-06 2.158213 0.0
1.500E-06 2.157575 0.0
1.505E-06 2.156944 0.0
1.510E-06 2.156318 0.0
1.515E-06 2.155699 0.0
1.520E-06 2.155085 0.0
1.525E-06 2.154477 0.0
1.530E-06 2.153875 0.0
1.535E-06 2.153279 0.0
1.540E-06 2.152689 0.0
1.545E-06 2.152105 0.0
1.550E-06 2.151526 0.0
1.555E-06 2.150953 0.0
1.560E-06 2.150384 0.0
1.565E-06 2.14982 0.0
1.570E-06 2.14926 0.0
1.575E-06 2.148705 0.0
1.580E-06 2.148154 0.0
1.585E-06 2.147608 0.0
1.590E-06 2.147067 0.0
1.595E-06 2.14653 0.0
1.600E-06 2.145997 0.0
1.605E-06 2.14547 0.0
1.610E-06 2.144946 0.0
1.615E-06 2.144427 0.0
1.620E-06 2.143913 0.0
1.625E-06 2.143404 0.0
1.630E-06 2.142898 0.0
1.635E-06 2.142398 0.0
1.640E-06 2.141902 0.0
1.645E-06 2.14141 0.0
1.650E-06 2.140923 0.0
1.655E-06 2.140441 0.0
1.660E-06 2.139962 0.0
1.665E-06 2.139486 0.0
1.670E-06 2.139015 0.0
1.675E-06 2.138546 0.0
1.680E-06 2.138081 0.0
1.685E-06 2.13762 0.0
1.690E-06 2.137162 0.0
1.695E-06 2.136707 0.0
1.700E-06 2.136256 0.0
1.705E-06 2.135808 0.0
1.710E-06 2.135364 0.0
1.715E-06 2.134923 0.0
1.720E-06 2.134486 0.0
1.725E-06 2.134052 0.0
1.730E-06 2.133622 0.0
1.735E-06 2.133195 0.0
1.740E-06 2.132772 0.0
1.745E-06 2.132352 0.0
1.750E-06 2.131935 0.0
1.755E-06 2.131522 0.0
1.760E-06 2.131113 0.0
1.765E-06 2.130707 0.0
1.770E-06 2.130304 0.0
1.775E-06 2.129905 0.0
1.780E-06 2.129508 0.0
1.785E-06 2.129114 0.0
1.790E-06 2.128723 0.0
1.795E-06 2.128334 0.0
1.800E-06 2.127948 0.0
1.805E-06 2.127564 0.0
1.810E-06 2.127183 0.0
1.815E-06 2.126805 0.0
1.820E-06 2.126429 0.0
1.825E-06 2.126056 0.0
1.830E-06 2.125685 0.0
1.835E-06 2.125317 0.0
1.840E-06 2.124951 0.0
1.845E-06 2.124589 0.0
1.850E-06 2.124228 0.0
1.855E-06 2.123871 0.0
1.860E-06 2.123516 0.0
1.865E-06 2.123164 0.0
1.870E-06 2.122814 0.0
1.875E-06 2.122467 0.0
1.880E-06 2.122122 0.0
1.885E-06 2.12178 0.0
1.890E-06 2.121441 0.0
1.895E-06 2.121105 0.0
1.900E-06 2.120771 0.0
1.905E-06 2.120439 0.0
1.910E-06 2.120111 0.0
1.915E-06 2.119783 0.0
1.920E-06 2.119458 0.0
1.925E-06 2.119134 0.0
1.930E-06 2.118812 0.0
1.935E-06 2.118492 0.0
1.940E-06 2.118174 0.0
1.945E-06 2.117857 0.0
1.950E-06 2.117542 0.0
1.955E-06 2.117229 0.0
1.960E-06 2.116918 0.0
1.965E-06 2.116609 0.0
1.970E-06 2.116302 0.0
1.975E-06 2.115997 0.0
1.980E-06 2.115694 0.0
1.985E-06 2.115392 0.0
1.990E-06 2.115093 0.0
1.995E-06 2.114797 0.0
2.000E-06 2.114502 0.0
